0
1 0
2
3 2
4
5 4
6
7 6
8
9 8
10
11 10
12
13 12
14
15 14
16
17 16
18
19 18
20
21 20
22
23 22
24
25 24
26
27 26
28
29 28
30
31 30
32
33 32
34
35 34
36
37 36
38
39 38
40
41 40
42
43 42
44
45 44
46
47 46
48
49 48
50
51 50
52
53 52
54
55 54
56
57 56
58
59 58
60
61 60
62
63 62
64
65 64
66
67 66
68
69 68
70
71 70
72
73 72
74
75 74
76
77 76
78
79 78
80
81 80
82
83 82
84
85 84
86
87 86
88
89 88
90
91 90
92
93 92
94
95 94
96
97 96
98
99 98
100
101 100
102
103 102
104
105 104
106
107 106
108
109 108
110
111 110
112
113 112
114
115 114
116
117 116
118
119 118
120
121 120
122
123 122
124
125 124
126
127 126
128
129 128
130
131 130
132
133 132
134
135 134
136
137 136
138
139 138
140
141 140
142
143 142
144
145 144
146
147 146
148
149 148
150
151 150
152
153 152
154
155 154
156
157 156
158
159 158
160
161 160
162
163 162
164
165 164
166
167 166
168
169 168
170
171 170
172
173 172
174
175 174
176
177 176
178
179 178
180
181 180
182
183 182
184
185 184
186
187 186
188
189 188
190
191 190
192
193 192
194
195 194
196
197 196
198
199 198
200
201 200
