0
1 0
2 1 0
3 2 1 0
4
5 4
6 5 4
7 6 5 4
8
9 8
10 9 8
11 10 9 8
12
13 12
14 13 12
15 14 13 12
16
17 16
18 17 16
19 18 17 16
20
21 20
22 21 20
23 22 21 20
24
25 24
26 25 24
27 26 25 24
28
29 28
30 29 28
31 30 29 28
32
33 32
34 33 32
35 34 33 32
36
37 36
38 37 36
39 38 37 36
40
41 40
42 41 40
43 42 41 40
44
45 44
46 45 44
47 46 45 44
48
49 48
50 49 48
51 50 49 48
52
53 52
54 53 52
55 54 53 52
56
57 56
58 57 56
59 58 57 56
60
61 60
62 61 60
63 62 61 60
64
65 64
66 65 64
67 66 65 64
68
69 68
70 69 68
71 70 69 68
72
73 72
74 73 72
75 74 73 72
76
77 76
78 77 76
79 78 77 76
80
81 80
82 81 80
83 82 81 80
84
85 84
86 85 84
87 86 85 84
88
89 88
90 89 88
91 90 89 88
92
93 92
94 93 92
95 94 93 92
96
97 96
98 97 96
99 98 97 96
100
101 100
102 101 100
103 102 101 100
104
105 104
106 105 104
107 106 105 104
108
109 108
110 109 108
111 110 109 108
112
113 112
114 113 112
115 114 113 112
116
117 116
118 117 116
119 118 117 116
120
121 120
122 121 120
123 122 121 120
124
125 124
126 125 124
127 126 125 124
128
129 128
130 129 128
131 130 129 128
132
133 132
134 133 132
135 134 133 132
136
137 136
138 137 136
139 138 137 136
140
141 140
142 141 140
143 142 141 140
144
145 144
146 145 144
147 146 145 144
148
149 148
150 149 148
151 150 149 148
152
153 152
154 153 152
155 154 153 152
156
157 156
158 157 156
159 158 157 156
160
161 160
162 161 160
163 162 161 160
164
165 164
166 165 164
167 166 165 164
168
169 168
170 169 168
171 170 169 168
172
173 172
174 173 172
175 174 173 172
176
177 176
178 177 176
179 178 177 176
180
181 180
182 181 180
183 182 181 180
184
185 184
186 185 184
187 186 185 184
188
189 188
190 189 188
191 190 189 188
192
193 192
194 193 192
195 194 193 192
196
197 196
198 197 196
199 198 197 196
200
201 200
202 201 200
203 202 201 200
204
205 204
206 205 204
207 206 205 204
208
209 208
210 209 208
211 210 209 208
212
213 212
214 213 212
215 214 213 212
216
217 216
218 217 216
219 218 217 216
220
221 220
222 221 220
223 222 221 220
224
225 224
226 225 224
227 226 225 224
228
229 228
230 229 228
231 230 229 228
232
233 232
234 233 232
235 234 233 232
236
237 236
238 237 236
239 238 237 236
240
241 240
242 241 240
243 242 241 240
244
245 244
246 245 244
247 246 245 244
248
249 248
250 249 248
251 250 249 248
252
253 252
254 253 252
255 254 253 252
256
257 256
258 257 256
259 258 257 256
260
261 260
262 261 260
263 262 261 260
264
265 264
266 265 264
267 266 265 264
268
269 268
270 269 268
271 270 269 268
272
273 272
274 273 272
275 274 273 272
276
277 276
278 277 276
279 278 277 276
280
281 280
282 281 280
283 282 281 280
284
285 284
286 285 284
287 286 285 284
288
289 288
290 289 288
291 290 289 288
292
293 292
294 293 292
295 294 293 292
296
297 296
298 297 296
299 298 297 296
300
301 300
302 301 300
303 302 301 300
304
305 304
306 305 304
307 306 305 304
308
309 308
310 309 308
311 310 309 308
312
313 312
314 313 312
315 314 313 312
316
317 316
318 317 316
319 318 317 316
320
321 320
322 321 320
323 322 321 320
324
325 324
326 325 324
327 326 325 324
328
329 328
330 329 328
331 330 329 328
332
333 332
334 333 332
335 334 333 332
336
337 336
338 337 336
339 338 337 336
340
341 340
342 341 340
343 342 341 340
344
345 344
346 345 344
347 346 345 344
348
349 348
350 349 348
351 350 349 348
352
353 352
354 353 352
355 354 353 352
356
357 356
358 357 356
359 358 357 356
360
361 360
362 361 360
363 362 361 360
364
365 364
366 365 364
367 366 365 364
368
369 368
370 369 368
371 370 369 368
372
373 372
374 373 372
375 374 373 372
376
377 376
378 377 376
379 378 377 376
380
381 380
382 381 380
383 382 381 380
384
385 384
386 385 384
387 386 385 384
388
389 388
390 389 388
391 390 389 388
392
393 392
394 393 392
395 394 393 392
396
397 396
398 397 396
399 398 397 396
400
401 400
402 401 400
403 402 401 400
