0
1 0
2 1
3 2
4 3
5 4
6 5
7 6 0
8 0 1
9 8 1 2
10 9 2 3
11 10 3 4
12 11 4 5
13 12 5 6
14 13 6 7
15 14 8 7 0
16 8 9
17 16 9 10
18 17 10 11
19 18 11 12
20 19 12 13
21 20 13 14
22 21 14 15
23 22 16 15 8
24 16 17
25 24 17 18
26 25 18 19
27 26 19 20
28 27 20 21
29 28 21 22
30 29 22 23
31 30 24 23 16
32 24 25
33 32 25 26
34 33 26 27
35 34 27 28
36 35 28 29
37 36 29 30
38 37 30 31
39 38 32 31 24
40 32 33
41 40 33 34
42 41 34 35
43 42 35 36
44 43 36 37
45 44 37 38
46 45 38 39
47 46 40 39 32
48 40 41
49 48 41 42
50 49 42 43
51 50 43 44
52 51 44 45
53 52 45 46
54 53 46 47
55 54 48 47 40
56 48 49
57 56 49 50
58 57 50 51
59 58 51 52
60 59 52 53
61 60 53 54
62 61 54 55
63 62 56 55 48
64 56 57
65 64 57 58
66 65 58 59
67 66 59 60
68 67 60 61
69 68 61 62
70 69 62 63
71 70 64 63 56
72 64 65
73 72 65 66
74 73 66 67
75 74 67 68
76 75 68 69
77 76 69 70
78 77 70 71
79 78 72 71 64
80 72 73
81 80 73 74
82 81 74 75
83 82 75 76
84 83 76 77
85 84 77 78
86 85 78 79
87 86 80 79 72
88 80 81
89 88 81 82
90 89 82 83
91 90 83 84
92 91 84 85
93 92 85 86
94 93 86 87
95 94 88 87 80
96 88 89
97 96 89 90
98 97 90 91
99 98 91 92
100 99 92 93
101 100 93 94
102 101 94 95
103 102 96 95 88
104 96 97
105 104 97 98
106 105 98 99
107 106 99 100
108 107 100 101
109 108 101 102
110 109 102 103
111 110 104 103 96
112 104 105
113 112 105 106
114 113 106 107
115 114 107 108
116 115 108 109
117 116 109 110
118 117 110 111
119 118 112 111 104
120 112 113
121 120 113 114
122 121 114 115
123 122 115 116
124 123 116 117
125 124 117 118
126 125 118 119
127 126 120 119 112
128 120 121
129 128 121 122
130 129 122 123
131 130 123 124
132 131 124 125
133 132 125 126
134 133 126 127
135 134 128 127 120
136 128 129
137 136 129 130
138 137 130 131
139 138 131 132
140 139 132 133
141 140 133 134
142 141 134 135
143 142 136 135 128
144 136 137
145 144 137 138
146 145 138 139
147 146 139 140
148 147 140 141
149 148 141 142
150 149 142 143
151 150 144 143 136
152 144 145
153 152 145 146
154 153 146 147
155 154 147 148
156 155 148 149
157 156 149 150
158 157 150 151
159 158 152 151 144
160 152 153 0 1
161 160 153 154 1 2
162 161 154 155 2 3
163 162 155 156 3 4
164 163 156 157 4 5
165 164 157 158 5 6
166 165 158 159 6 7
167 166 160 159 152 7 0
